{
 "cells": [
  {
   "cell_type": "code",
   "execution_count": 23,
   "metadata": {},
   "outputs": [],
   "source": [
    "import pandas as pd"
   ]
  },
  {
   "cell_type": "code",
   "execution_count": 30,
   "metadata": {},
   "outputs": [
    {
     "data": {
      "text/html": [
       "<div>\n",
       "<style scoped>\n",
       "    .dataframe tbody tr th:only-of-type {\n",
       "        vertical-align: middle;\n",
       "    }\n",
       "\n",
       "    .dataframe tbody tr th {\n",
       "        vertical-align: top;\n",
       "    }\n",
       "\n",
       "    .dataframe thead th {\n",
       "        text-align: right;\n",
       "    }\n",
       "</style>\n",
       "<table border=\"1\" class=\"dataframe\">\n",
       "  <thead>\n",
       "    <tr style=\"text-align: right;\">\n",
       "      <th></th>\n",
       "      <th>avgAnnCount</th>\n",
       "      <th>avgDeathsPerYear</th>\n",
       "      <th>TARGET_deathRate</th>\n",
       "      <th>incidenceRate</th>\n",
       "      <th>medIncome</th>\n",
       "      <th>popEst2015</th>\n",
       "      <th>povertyPercent</th>\n",
       "      <th>studyPerCap</th>\n",
       "      <th>binnedInc</th>\n",
       "      <th>MedianAge</th>\n",
       "      <th>...</th>\n",
       "      <th>PctPrivateCoverageAlone</th>\n",
       "      <th>PctEmpPrivCoverage</th>\n",
       "      <th>PctPublicCoverage</th>\n",
       "      <th>PctPublicCoverageAlone</th>\n",
       "      <th>PctWhite</th>\n",
       "      <th>PctBlack</th>\n",
       "      <th>PctAsian</th>\n",
       "      <th>PctOtherRace</th>\n",
       "      <th>PctMarriedHouseholds</th>\n",
       "      <th>BirthRate</th>\n",
       "    </tr>\n",
       "  </thead>\n",
       "  <tbody>\n",
       "    <tr>\n",
       "      <th>1</th>\n",
       "      <td>173.000000</td>\n",
       "      <td>70</td>\n",
       "      <td>161.3</td>\n",
       "      <td>411.600000</td>\n",
       "      <td>48127</td>\n",
       "      <td>43269</td>\n",
       "      <td>18.6</td>\n",
       "      <td>23.111234</td>\n",
       "      <td>(48021.6, 51046.4]</td>\n",
       "      <td>33.0</td>\n",
       "      <td>...</td>\n",
       "      <td>53.8</td>\n",
       "      <td>43.6</td>\n",
       "      <td>31.1</td>\n",
       "      <td>15.3</td>\n",
       "      <td>89.228509</td>\n",
       "      <td>0.969102</td>\n",
       "      <td>2.246233</td>\n",
       "      <td>3.741352</td>\n",
       "      <td>45.372500</td>\n",
       "      <td>4.333096</td>\n",
       "    </tr>\n",
       "    <tr>\n",
       "      <th>3</th>\n",
       "      <td>427.000000</td>\n",
       "      <td>202</td>\n",
       "      <td>194.8</td>\n",
       "      <td>430.400000</td>\n",
       "      <td>44243</td>\n",
       "      <td>75882</td>\n",
       "      <td>17.1</td>\n",
       "      <td>342.637253</td>\n",
       "      <td>(42724.4, 45201]</td>\n",
       "      <td>42.8</td>\n",
       "      <td>...</td>\n",
       "      <td>40.3</td>\n",
       "      <td>35.0</td>\n",
       "      <td>45.3</td>\n",
       "      <td>25.0</td>\n",
       "      <td>91.744686</td>\n",
       "      <td>0.782626</td>\n",
       "      <td>1.161359</td>\n",
       "      <td>1.362643</td>\n",
       "      <td>51.021514</td>\n",
       "      <td>4.603841</td>\n",
       "    </tr>\n",
       "    <tr>\n",
       "      <th>4</th>\n",
       "      <td>57.000000</td>\n",
       "      <td>26</td>\n",
       "      <td>144.4</td>\n",
       "      <td>350.100000</td>\n",
       "      <td>49955</td>\n",
       "      <td>10321</td>\n",
       "      <td>12.5</td>\n",
       "      <td>0.000000</td>\n",
       "      <td>(48021.6, 51046.4]</td>\n",
       "      <td>48.3</td>\n",
       "      <td>...</td>\n",
       "      <td>43.9</td>\n",
       "      <td>35.1</td>\n",
       "      <td>44.0</td>\n",
       "      <td>22.7</td>\n",
       "      <td>94.104024</td>\n",
       "      <td>0.270192</td>\n",
       "      <td>0.665830</td>\n",
       "      <td>0.492135</td>\n",
       "      <td>54.027460</td>\n",
       "      <td>6.796657</td>\n",
       "    </tr>\n",
       "    <tr>\n",
       "      <th>7</th>\n",
       "      <td>146.000000</td>\n",
       "      <td>71</td>\n",
       "      <td>183.6</td>\n",
       "      <td>404.000000</td>\n",
       "      <td>40189</td>\n",
       "      <td>20848</td>\n",
       "      <td>17.8</td>\n",
       "      <td>0.000000</td>\n",
       "      <td>(37413.8, 40362.7]</td>\n",
       "      <td>51.7</td>\n",
       "      <td>...</td>\n",
       "      <td>33.1</td>\n",
       "      <td>25.9</td>\n",
       "      <td>50.9</td>\n",
       "      <td>24.1</td>\n",
       "      <td>89.406636</td>\n",
       "      <td>0.305159</td>\n",
       "      <td>1.889077</td>\n",
       "      <td>2.286268</td>\n",
       "      <td>48.967033</td>\n",
       "      <td>5.889179</td>\n",
       "    </tr>\n",
       "    <tr>\n",
       "      <th>14</th>\n",
       "      <td>2265.000000</td>\n",
       "      <td>901</td>\n",
       "      <td>171.0</td>\n",
       "      <td>440.700000</td>\n",
       "      <td>50083</td>\n",
       "      <td>490945</td>\n",
       "      <td>16.3</td>\n",
       "      <td>462.373586</td>\n",
       "      <td>(48021.6, 51046.4]</td>\n",
       "      <td>37.2</td>\n",
       "      <td>...</td>\n",
       "      <td>50.6</td>\n",
       "      <td>42.5</td>\n",
       "      <td>36.5</td>\n",
       "      <td>21.4</td>\n",
       "      <td>89.038167</td>\n",
       "      <td>1.827041</td>\n",
       "      <td>2.315986</td>\n",
       "      <td>1.033625</td>\n",
       "      <td>48.188377</td>\n",
       "      <td>5.355836</td>\n",
       "    </tr>\n",
       "    <tr>\n",
       "      <th>...</th>\n",
       "      <td>...</td>\n",
       "      <td>...</td>\n",
       "      <td>...</td>\n",
       "      <td>...</td>\n",
       "      <td>...</td>\n",
       "      <td>...</td>\n",
       "      <td>...</td>\n",
       "      <td>...</td>\n",
       "      <td>...</td>\n",
       "      <td>...</td>\n",
       "      <td>...</td>\n",
       "      <td>...</td>\n",
       "      <td>...</td>\n",
       "      <td>...</td>\n",
       "      <td>...</td>\n",
       "      <td>...</td>\n",
       "      <td>...</td>\n",
       "      <td>...</td>\n",
       "      <td>...</td>\n",
       "      <td>...</td>\n",
       "      <td>...</td>\n",
       "    </tr>\n",
       "    <tr>\n",
       "      <th>3033</th>\n",
       "      <td>1962.667684</td>\n",
       "      <td>7</td>\n",
       "      <td>209.6</td>\n",
       "      <td>453.549422</td>\n",
       "      <td>45353</td>\n",
       "      <td>1843</td>\n",
       "      <td>11.4</td>\n",
       "      <td>0.000000</td>\n",
       "      <td>(45201, 48021.6]</td>\n",
       "      <td>45.7</td>\n",
       "      <td>...</td>\n",
       "      <td>52.7</td>\n",
       "      <td>43.9</td>\n",
       "      <td>32.2</td>\n",
       "      <td>9.2</td>\n",
       "      <td>97.960199</td>\n",
       "      <td>0.000000</td>\n",
       "      <td>0.547264</td>\n",
       "      <td>0.995025</td>\n",
       "      <td>57.780612</td>\n",
       "      <td>4.664723</td>\n",
       "    </tr>\n",
       "    <tr>\n",
       "      <th>3034</th>\n",
       "      <td>1962.667684</td>\n",
       "      <td>85</td>\n",
       "      <td>184.4</td>\n",
       "      <td>453.549422</td>\n",
       "      <td>45180</td>\n",
       "      <td>35788</td>\n",
       "      <td>15.0</td>\n",
       "      <td>1900.078239</td>\n",
       "      <td>(42724.4, 45201]</td>\n",
       "      <td>38.2</td>\n",
       "      <td>...</td>\n",
       "      <td>52.3</td>\n",
       "      <td>46.2</td>\n",
       "      <td>34.4</td>\n",
       "      <td>17.4</td>\n",
       "      <td>87.718617</td>\n",
       "      <td>3.168048</td>\n",
       "      <td>1.610355</td>\n",
       "      <td>1.893068</td>\n",
       "      <td>50.730567</td>\n",
       "      <td>7.404551</td>\n",
       "    </tr>\n",
       "    <tr>\n",
       "      <th>3043</th>\n",
       "      <td>1962.667684</td>\n",
       "      <td>43</td>\n",
       "      <td>150.1</td>\n",
       "      <td>453.549422</td>\n",
       "      <td>48609</td>\n",
       "      <td>37118</td>\n",
       "      <td>18.8</td>\n",
       "      <td>377.175494</td>\n",
       "      <td>(48021.6, 51046.4]</td>\n",
       "      <td>30.4</td>\n",
       "      <td>...</td>\n",
       "      <td>53.3</td>\n",
       "      <td>48.6</td>\n",
       "      <td>28.8</td>\n",
       "      <td>17.7</td>\n",
       "      <td>75.706245</td>\n",
       "      <td>2.326771</td>\n",
       "      <td>4.044920</td>\n",
       "      <td>14.130288</td>\n",
       "      <td>52.007937</td>\n",
       "      <td>8.186470</td>\n",
       "    </tr>\n",
       "    <tr>\n",
       "      <th>3044</th>\n",
       "      <td>1962.667684</td>\n",
       "      <td>46</td>\n",
       "      <td>153.9</td>\n",
       "      <td>453.549422</td>\n",
       "      <td>51144</td>\n",
       "      <td>34536</td>\n",
       "      <td>15.0</td>\n",
       "      <td>1968.959926</td>\n",
       "      <td>(51046.4, 54545.6]</td>\n",
       "      <td>30.9</td>\n",
       "      <td>...</td>\n",
       "      <td>52.6</td>\n",
       "      <td>47.8</td>\n",
       "      <td>26.6</td>\n",
       "      <td>16.8</td>\n",
       "      <td>87.961629</td>\n",
       "      <td>2.313188</td>\n",
       "      <td>1.316472</td>\n",
       "      <td>5.680705</td>\n",
       "      <td>55.153949</td>\n",
       "      <td>7.809192</td>\n",
       "    </tr>\n",
       "    <tr>\n",
       "      <th>3046</th>\n",
       "      <td>1962.667684</td>\n",
       "      <td>48</td>\n",
       "      <td>213.6</td>\n",
       "      <td>453.549422</td>\n",
       "      <td>41193</td>\n",
       "      <td>37030</td>\n",
       "      <td>13.9</td>\n",
       "      <td>0.000000</td>\n",
       "      <td>(40362.7, 42724.4]</td>\n",
       "      <td>26.2</td>\n",
       "      <td>...</td>\n",
       "      <td>60.3</td>\n",
       "      <td>22.9</td>\n",
       "      <td>25.1</td>\n",
       "      <td>12.6</td>\n",
       "      <td>70.098132</td>\n",
       "      <td>16.590100</td>\n",
       "      <td>3.177753</td>\n",
       "      <td>1.356457</td>\n",
       "      <td>56.040242</td>\n",
       "      <td>8.981723</td>\n",
       "    </tr>\n",
       "  </tbody>\n",
       "</table>\n",
       "<p>591 rows × 34 columns</p>\n",
       "</div>"
      ],
      "text/plain": [
       "      avgAnnCount  avgDeathsPerYear  TARGET_deathRate  incidenceRate  \\\n",
       "1      173.000000                70             161.3     411.600000   \n",
       "3      427.000000               202             194.8     430.400000   \n",
       "4       57.000000                26             144.4     350.100000   \n",
       "7      146.000000                71             183.6     404.000000   \n",
       "14    2265.000000               901             171.0     440.700000   \n",
       "...           ...               ...               ...            ...   \n",
       "3033  1962.667684                 7             209.6     453.549422   \n",
       "3034  1962.667684                85             184.4     453.549422   \n",
       "3043  1962.667684                43             150.1     453.549422   \n",
       "3044  1962.667684                46             153.9     453.549422   \n",
       "3046  1962.667684                48             213.6     453.549422   \n",
       "\n",
       "      medIncome  popEst2015  povertyPercent  studyPerCap           binnedInc  \\\n",
       "1         48127       43269            18.6    23.111234  (48021.6, 51046.4]   \n",
       "3         44243       75882            17.1   342.637253    (42724.4, 45201]   \n",
       "4         49955       10321            12.5     0.000000  (48021.6, 51046.4]   \n",
       "7         40189       20848            17.8     0.000000  (37413.8, 40362.7]   \n",
       "14        50083      490945            16.3   462.373586  (48021.6, 51046.4]   \n",
       "...         ...         ...             ...          ...                 ...   \n",
       "3033      45353        1843            11.4     0.000000    (45201, 48021.6]   \n",
       "3034      45180       35788            15.0  1900.078239    (42724.4, 45201]   \n",
       "3043      48609       37118            18.8   377.175494  (48021.6, 51046.4]   \n",
       "3044      51144       34536            15.0  1968.959926  (51046.4, 54545.6]   \n",
       "3046      41193       37030            13.9     0.000000  (40362.7, 42724.4]   \n",
       "\n",
       "      MedianAge  ...  PctPrivateCoverageAlone  PctEmpPrivCoverage  \\\n",
       "1          33.0  ...                     53.8                43.6   \n",
       "3          42.8  ...                     40.3                35.0   \n",
       "4          48.3  ...                     43.9                35.1   \n",
       "7          51.7  ...                     33.1                25.9   \n",
       "14         37.2  ...                     50.6                42.5   \n",
       "...         ...  ...                      ...                 ...   \n",
       "3033       45.7  ...                     52.7                43.9   \n",
       "3034       38.2  ...                     52.3                46.2   \n",
       "3043       30.4  ...                     53.3                48.6   \n",
       "3044       30.9  ...                     52.6                47.8   \n",
       "3046       26.2  ...                     60.3                22.9   \n",
       "\n",
       "     PctPublicCoverage  PctPublicCoverageAlone   PctWhite   PctBlack  \\\n",
       "1                 31.1                    15.3  89.228509   0.969102   \n",
       "3                 45.3                    25.0  91.744686   0.782626   \n",
       "4                 44.0                    22.7  94.104024   0.270192   \n",
       "7                 50.9                    24.1  89.406636   0.305159   \n",
       "14                36.5                    21.4  89.038167   1.827041   \n",
       "...                ...                     ...        ...        ...   \n",
       "3033              32.2                     9.2  97.960199   0.000000   \n",
       "3034              34.4                    17.4  87.718617   3.168048   \n",
       "3043              28.8                    17.7  75.706245   2.326771   \n",
       "3044              26.6                    16.8  87.961629   2.313188   \n",
       "3046              25.1                    12.6  70.098132  16.590100   \n",
       "\n",
       "      PctAsian  PctOtherRace  PctMarriedHouseholds  BirthRate  \n",
       "1     2.246233      3.741352             45.372500   4.333096  \n",
       "3     1.161359      1.362643             51.021514   4.603841  \n",
       "4     0.665830      0.492135             54.027460   6.796657  \n",
       "7     1.889077      2.286268             48.967033   5.889179  \n",
       "14    2.315986      1.033625             48.188377   5.355836  \n",
       "...        ...           ...                   ...        ...  \n",
       "3033  0.547264      0.995025             57.780612   4.664723  \n",
       "3034  1.610355      1.893068             50.730567   7.404551  \n",
       "3043  4.044920     14.130288             52.007937   8.186470  \n",
       "3044  1.316472      5.680705             55.153949   7.809192  \n",
       "3046  3.177753      1.356457             56.040242   8.981723  \n",
       "\n",
       "[591 rows x 34 columns]"
      ]
     },
     "execution_count": 30,
     "metadata": {},
     "output_type": "execute_result"
    }
   ],
   "source": [
    "cancer_df = pd.read_csv(\"../data/cancer_reg_cleaned.csv\", index_col=0)\n",
    "\n",
    "cancer_df\n"
   ]
  },
  {
   "cell_type": "code",
   "execution_count": 31,
   "metadata": {},
   "outputs": [],
   "source": [
    "Numeric_cancer_df = cancer_df.select_dtypes(include='number')\n"
   ]
  },
  {
   "cell_type": "code",
   "execution_count": 32,
   "metadata": {},
   "outputs": [
    {
     "data": {
      "text/plain": [
       "[[1.0,\n",
       "  0.963882250914698,\n",
       "  -0.12858683906523202,\n",
       "  0.010870563445486354,\n",
       "  0.2190671001642808,\n",
       "  0.9575203523870708,\n",
       "  -0.10556593591634693,\n",
       "  0.07997962052459721,\n",
       "  -0.0260474800815216,\n",
       "  -0.11080647844851864,\n",
       "  -0.10792711921967457,\n",
       "  0.07726679133254626,\n",
       "  -0.10354554316071649,\n",
       "  -0.09258424536088385,\n",
       "  -0.14502834885086227,\n",
       "  0.10377970017454918,\n",
       "  0.22426753100897262,\n",
       "  -0.2637036192057346,\n",
       "  0.24599249842270912,\n",
       "  0.17703759183036355,\n",
       "  -0.0001307971467576558,\n",
       "  0.06100011915134061,\n",
       "  0.13307049568724844,\n",
       "  0.13103252705099264,\n",
       "  -0.16493849678813516,\n",
       "  -0.07211627187625672,\n",
       "  -0.13857408748528108,\n",
       "  0.020755442796384235,\n",
       "  0.48071795644524323,\n",
       "  0.276331900266551,\n",
       "  -0.0865281654215947,\n",
       "  -0.03655992352842786],\n",
       " [0.963882250914698,\n",
       "  1.0,\n",
       "  -0.09650974625579799,\n",
       "  0.00593629818544211,\n",
       "  0.18941424854595845,\n",
       "  0.9880228448938432,\n",
       "  -0.04866650358568555,\n",
       "  0.08637360654436535,\n",
       "  -0.020041779931130356,\n",
       "  -0.13601121399150412,\n",
       "  -0.13468296921591083,\n",
       "  0.10286341530436298,\n",
       "  -0.16457265737410465,\n",
       "  -0.09624271220135168,\n",
       "  -0.12279045259302118,\n",
       "  0.09320253040818388,\n",
       "  0.20948074016633292,\n",
       "  -0.2541668627121075,\n",
       "  0.23585118892082205,\n",
       "  0.11651292293970138,\n",
       "  0.06147761090497279,\n",
       "  0.002736899677504001,\n",
       "  0.08862469381334372,\n",
       "  0.105198241212414,\n",
       "  -0.13720117108974847,\n",
       "  -0.019233269641782742,\n",
       "  -0.17906851904376772,\n",
       "  0.06963911951593314,\n",
       "  0.4866881640123225,\n",
       "  0.2850966210927728,\n",
       "  -0.12033202224566253,\n",
       "  -0.07683068733528307],\n",
       " [-0.12858683906523202,\n",
       "  -0.09650974625579799,\n",
       "  1.0,\n",
       "  0.376032682232802,\n",
       "  -0.37715612532037623,\n",
       "  -0.10951289911296654,\n",
       "  0.36610166328711585,\n",
       "  -0.033588729378353825,\n",
       "  -0.011419266726518692,\n",
       "  -0.026773969475119886,\n",
       "  0.01973672084227595,\n",
       "  -0.06256814409912859,\n",
       "  -0.22990786181655726,\n",
       "  0.07889426129281896,\n",
       "  0.2540287118236267,\n",
       "  -0.15844454378837144,\n",
       "  -0.2969875196585661,\n",
       "  0.3797525197439351,\n",
       "  -0.440073323831804,\n",
       "  -0.3720850452876125,\n",
       "  0.31975621362635454,\n",
       "  -0.33719911996563584,\n",
       "  -0.3220145329651615,\n",
       "  -0.22844316014594707,\n",
       "  0.3465250233087982,\n",
       "  0.38847364375671695,\n",
       "  -0.1582052258139119,\n",
       "  0.25882852789098626,\n",
       "  -0.19977219803291102,\n",
       "  -0.2097613820572825,\n",
       "  -0.2917556963926219,\n",
       "  -0.051310799914238654],\n",
       " [0.010870563445486354,\n",
       "  0.00593629818544211,\n",
       "  0.376032682232802,\n",
       "  1.0,\n",
       "  0.0641404206772795,\n",
       "  -0.01802104406207909,\n",
       "  -0.02134906370194812,\n",
       "  0.09494398867714644,\n",
       "  0.020338854401345943,\n",
       "  -0.07081573906366494,\n",
       "  -0.07583040423067884,\n",
       "  -0.11492525494186338,\n",
       "  -0.1285647323345991,\n",
       "  -0.18197940900890314,\n",
       "  -0.023154960204299472,\n",
       "  0.10812565863774123,\n",
       "  0.10804642659711501,\n",
       "  0.05047170271085515,\n",
       "  0.042241243926699056,\n",
       "  0.04158748559620503,\n",
       "  0.02052437518544543,\n",
       "  0.1619904306537467,\n",
       "  0.1733488673501773,\n",
       "  0.18901317147979915,\n",
       "  -0.06979461278667862,\n",
       "  -0.06157102261818731,\n",
       "  -0.029996212235862046,\n",
       "  0.10269649630060576,\n",
       "  0.07629954723925739,\n",
       "  -0.20880777929406194,\n",
       "  -0.14118779837555057,\n",
       "  -0.10323803855495572],\n",
       " [0.2190671001642808,\n",
       "  0.18941424854595845,\n",
       "  -0.37715612532037623,\n",
       "  0.0641404206772795,\n",
       "  1.0,\n",
       "  0.17770075989145334,\n",
       "  -0.7960911711825833,\n",
       "  0.11528468048452392,\n",
       "  -0.0035409072546839296,\n",
       "  -0.07900183962357726,\n",
       "  -0.12888367135555184,\n",
       "  0.11718776193575475,\n",
       "  0.3421083884524128,\n",
       "  -0.31668693127862724,\n",
       "  -0.21236417303964833,\n",
       "  0.21962525790230164,\n",
       "  0.48748640008836186,\n",
       "  -0.4497183569342181,\n",
       "  0.7082306634792691,\n",
       "  0.692094536542843,\n",
       "  -0.44029253795337164,\n",
       "  0.7299391823478452,\n",
       "  0.7867299155377884,\n",
       "  0.7579483335240572,\n",
       "  -0.7642957170913584,\n",
       "  -0.7336144105375962,\n",
       "  0.1904450408836674,\n",
       "  -0.27095616630153163,\n",
       "  0.465658181338615,\n",
       "  0.07873434688359353,\n",
       "  0.46895775146423896,\n",
       "  -0.0792006151004646],\n",
       " [0.9575203523870708,\n",
       "  0.9880228448938432,\n",
       "  -0.10951289911296654,\n",
       "  -0.01802104406207909,\n",
       "  0.17770075989145334,\n",
       "  1.0,\n",
       "  -0.03972421761725127,\n",
       "  0.07319241372795054,\n",
       "  -0.021496284587778587,\n",
       "  -0.1452776917317558,\n",
       "  -0.14858446037962703,\n",
       "  0.11238116682576631,\n",
       "  -0.1450219422360142,\n",
       "  -0.08348199904479676,\n",
       "  -0.11761388964136732,\n",
       "  0.08852721655869614,\n",
       "  0.18654188610280437,\n",
       "  -0.2542491716983637,\n",
       "  0.22313474058112767,\n",
       "  0.11520505348047329,\n",
       "  0.04866908325248351,\n",
       "  -0.006392863465924368,\n",
       "  0.08142036875978331,\n",
       "  0.0910627359033128,\n",
       "  -0.14119273908122726,\n",
       "  -0.02069883937250587,\n",
       "  -0.17237840835856577,\n",
       "  0.05559502528407503,\n",
       "  0.4794331437128806,\n",
       "  0.2996305879574064,\n",
       "  -0.09791047446075049,\n",
       "  -0.06179503889288997],\n",
       " [-0.10556593591634693,\n",
       "  -0.04866650358568555,\n",
       "  0.36610166328711585,\n",
       "  -0.02134906370194812,\n",
       "  -0.7960911711825833,\n",
       "  -0.03972421761725127,\n",
       "  1.0,\n",
       "  -0.09331306172740005,\n",
       "  -0.01643747211322461,\n",
       "  -0.2332811989079148,\n",
       "  -0.18187370776795703,\n",
       "  0.06115996747533429,\n",
       "  -0.6273033298498593,\n",
       "  0.3026347764680768,\n",
       "  0.13381927690407616,\n",
       "  -0.1717805198180049,\n",
       "  -0.41165109533519517,\n",
       "  0.1835858214926154,\n",
       "  -0.5163175332247583,\n",
       "  -0.745129245532943,\n",
       "  0.648610726597565,\n",
       "  -0.8143079071462075,\n",
       "  -0.7434037398419676,\n",
       "  -0.6749681088004883,\n",
       "  0.6341224144624201,\n",
       "  0.7905198642946286,\n",
       "  -0.5299778234565208,\n",
       "  0.528893659876333,\n",
       "  -0.1684740228020006,\n",
       "  0.06003107132039392,\n",
       "  -0.5987932215196787,\n",
       "  0.02433925539634171],\n",
       " [0.07997962052459721,\n",
       "  0.08637360654436535,\n",
       "  -0.033588729378353825,\n",
       "  0.09494398867714644,\n",
       "  0.11528468048452392,\n",
       "  0.07319241372795054,\n",
       "  -0.09331306172740005,\n",
       "  1.0,\n",
       "  -0.027248905604522294,\n",
       "  -0.06088736558210046,\n",
       "  -0.07809219303508165,\n",
       "  0.011450973209747315,\n",
       "  -0.031118333033976694,\n",
       "  -0.1367096245921956,\n",
       "  -0.037297765395669626,\n",
       "  0.08116068272642936,\n",
       "  0.12568960388276368,\n",
       "  -0.151371974183264,\n",
       "  0.16340442131332766,\n",
       "  0.17190861264560292,\n",
       "  -0.045223643938649784,\n",
       "  0.12051915302228862,\n",
       "  0.1429353264621832,\n",
       "  0.15548574145507263,\n",
       "  -0.11357527639209886,\n",
       "  -0.08297517168945363,\n",
       "  0.021906643029633563,\n",
       "  -0.01700987720256104,\n",
       "  0.09896875463796168,\n",
       "  0.0038749441365878183,\n",
       "  -0.05140509811789204,\n",
       "  -0.02401628848071448],\n",
       " [-0.0260474800815216,\n",
       "  -0.020041779931130356,\n",
       "  -0.011419266726518692,\n",
       "  0.020338854401345943,\n",
       "  -0.0035409072546839296,\n",
       "  -0.021496284587778587,\n",
       "  -0.01643747211322461,\n",
       "  -0.027248905604522294,\n",
       "  1.0,\n",
       "  0.07524747253675251,\n",
       "  0.09925529596842256,\n",
       "  -0.036585200508262895,\n",
       "  0.027442345004900948,\n",
       "  -0.011858486215934768,\n",
       "  0.017716370242011326,\n",
       "  -0.0032759366914375285,\n",
       "  -0.008662924734227181,\n",
       "  0.0483406666518912,\n",
       "  -0.026123534985269214,\n",
       "  -0.02975408924420875,\n",
       "  0.05170147509290325,\n",
       "  0.019210619650180713,\n",
       "  -0.008464027961067468,\n",
       "  -0.01262727282366952,\n",
       "  0.03463894115762525,\n",
       "  -0.006857739756150571,\n",
       "  0.01630221991374623,\n",
       "  0.018360963146834438,\n",
       "  -0.054970264323315636,\n",
       "  -0.017505078916852764,\n",
       "  -0.005902112698376444,\n",
       "  0.0041281118346560485],\n",
       " [-0.11080647844851864,\n",
       "  -0.13601121399150412,\n",
       "  -0.026773969475119886,\n",
       "  -0.07081573906366494,\n",
       "  -0.07900183962357726,\n",
       "  -0.1452776917317558,\n",
       "  -0.2332811989079148,\n",
       "  -0.06088736558210046,\n",
       "  0.07524747253675251,\n",
       "  1.0,\n",
       "  0.9288133689747785,\n",
       "  -0.3656156301837894,\n",
       "  0.4841885388880552,\n",
       "  0.12140480178815466,\n",
       "  0.18690480237531948,\n",
       "  -0.2367306844558763,\n",
       "  -0.021144765702686242,\n",
       "  0.30325086872632445,\n",
       "  -0.1455823207937115,\n",
       "  -0.0951692512734409,\n",
       "  -0.17790235223342785,\n",
       "  0.05477097587168387,\n",
       "  -0.19011359584122897,\n",
       "  -0.2173226861569322,\n",
       "  0.3849216992853164,\n",
       "  0.006612436690944242,\n",
       "  0.4166017898400603,\n",
       "  -0.2608308903401126,\n",
       "  -0.31622828136596837,\n",
       "  -0.2658513774397889,\n",
       "  0.20693923188974506,\n",
       "  -0.03735212071583229],\n",
       " [-0.10792711921967457,\n",
       "  -0.13468296921591083,\n",
       "  0.01973672084227595,\n",
       "  -0.07583040423067884,\n",
       "  -0.12888367135555184,\n",
       "  -0.14858446037962703,\n",
       "  -0.18187370776795703,\n",
       "  -0.07809219303508165,\n",
       "  0.09925529596842256,\n",
       "  0.9288133689747785,\n",
       "  1.0,\n",
       "  -0.3803364325478645,\n",
       "  0.40893308926435273,\n",
       "  0.1540536173912969,\n",
       "  0.22064726633658455,\n",
       "  -0.2780728841408434,\n",
       "  -0.048961127358740225,\n",
       "  0.33395050098742823,\n",
       "  -0.1833070603696443,\n",
       "  -0.1513906102499154,\n",
       "  -0.15042801798212638,\n",
       "  0.01924886824704555,\n",
       "  -0.23211175718191487,\n",
       "  -0.25260540685594896,\n",
       "  0.43150076475368926,\n",
       "  0.044519611613757386,\n",
       "  0.35314637669632387,\n",
       "  -0.176496309147104,\n",
       "  -0.32632254915758,\n",
       "  -0.27453007582293665,\n",
       "  0.13433805885601685,\n",
       "  -0.019152023886032685],\n",
       " [0.07726679133254626,\n",
       "  0.10286341530436298,\n",
       "  -0.06256814409912859,\n",
       "  -0.11492525494186338,\n",
       "  0.11718776193575475,\n",
       "  0.11238116682576631,\n",
       "  0.06115996747533429,\n",
       "  0.011450973209747315,\n",
       "  -0.036585200508262895,\n",
       "  -0.3656156301837894,\n",
       "  -0.3803364325478645,\n",
       "  1.0,\n",
       "  -0.09583969397115427,\n",
       "  0.059893642705096097,\n",
       "  0.017121001635580568,\n",
       "  -0.028521447690310883,\n",
       "  -0.07473194262323829,\n",
       "  -0.11962506925185146,\n",
       "  0.033025866154003165,\n",
       "  -0.013802792281794414,\n",
       "  0.12473072042695853,\n",
       "  -0.1279672227137148,\n",
       "  -0.01650404523017188,\n",
       "  0.0011693852544247846,\n",
       "  -0.1449177227320506,\n",
       "  0.04659170422682265,\n",
       "  -0.18207226997090206,\n",
       "  0.051929565358070216,\n",
       "  0.13690300244721015,\n",
       "  0.2010125672494534,\n",
       "  0.12967450448422715,\n",
       "  0.005985920287920132],\n",
       " [-0.10354554316071649,\n",
       "  -0.16457265737410465,\n",
       "  -0.22990786181655726,\n",
       "  -0.1285647323345991,\n",
       "  0.3421083884524128,\n",
       "  -0.1450219422360142,\n",
       "  -0.6273033298498593,\n",
       "  -0.031118333033976694,\n",
       "  0.027442345004900948,\n",
       "  0.4841885388880552,\n",
       "  0.40893308926435273,\n",
       "  -0.09583969397115427,\n",
       "  1.0,\n",
       "  -0.00043691473677408396,\n",
       "  0.11117987497869354,\n",
       "  -0.12203330581775489,\n",
       "  0.07356114971144845,\n",
       "  0.11039222993766916,\n",
       "  0.08292853291896418,\n",
       "  0.40779488432660005,\n",
       "  -0.5357563165223448,\n",
       "  0.43672941771868384,\n",
       "  0.3088574781206409,\n",
       "  0.2139465120508136,\n",
       "  -0.21439268495983482,\n",
       "  -0.4327330251247988,\n",
       "  0.6752003711138528,\n",
       "  -0.6015634342060481,\n",
       "  -0.17775953596662836,\n",
       "  -0.11586116443114064,\n",
       "  0.8465004312418123,\n",
       "  0.09892635714186655],\n",
       " [-0.09258424536088385,\n",
       "  -0.09624271220135168,\n",
       "  0.07889426129281896,\n",
       "  -0.18197940900890314,\n",
       "  -0.31668693127862724,\n",
       "  -0.08348199904479676,\n",
       "  0.3026347764680768,\n",
       "  -0.1367096245921956,\n",
       "  -0.011858486215934768,\n",
       "  0.12140480178815466,\n",
       "  0.1540536173912969,\n",
       "  0.059893642705096097,\n",
       "  -0.00043691473677408396,\n",
       "  1.0,\n",
       "  0.10530530033004017,\n",
       "  -0.633952956053485,\n",
       "  -0.4381080039983607,\n",
       "  0.22209971997008246,\n",
       "  -0.42607546463111906,\n",
       "  -0.3504127581341749,\n",
       "  0.16571770879166567,\n",
       "  -0.46481182205541083,\n",
       "  -0.4744775368847523,\n",
       "  -0.40689708069723524,\n",
       "  0.34342332121220115,\n",
       "  0.3477188536943681,\n",
       "  -0.17089405781622388,\n",
       "  0.14357130368258145,\n",
       "  -0.25630379474622117,\n",
       "  0.14709670181303955,\n",
       "  -0.02304954799410252,\n",
       "  0.11932318728584862],\n",
       " [-0.14502834885086227,\n",
       "  -0.12279045259302118,\n",
       "  0.2540287118236267,\n",
       "  -0.023154960204299472,\n",
       "  -0.21236417303964833,\n",
       "  -0.11761388964136732,\n",
       "  0.13381927690407616,\n",
       "  -0.037297765395669626,\n",
       "  0.017716370242011326,\n",
       "  0.18690480237531948,\n",
       "  0.22064726633658455,\n",
       "  0.017121001635580568,\n",
       "  0.11117987497869354,\n",
       "  0.10530530033004017,\n",
       "  1.0,\n",
       "  -0.7694329965362469,\n",
       "  -0.4000167881475763,\n",
       "  0.41298348062420664,\n",
       "  -0.3933499416794201,\n",
       "  -0.27893233479334073,\n",
       "  0.13282789611474607,\n",
       "  -0.3228825795760878,\n",
       "  -0.3557883954908654,\n",
       "  -0.3085527882574327,\n",
       "  0.2994548688447858,\n",
       "  0.27644200783904677,\n",
       "  -0.024144418705529778,\n",
       "  0.004660648832629095,\n",
       "  -0.26470061478072815,\n",
       "  -0.063336617997029,\n",
       "  0.06114326204635181,\n",
       "  0.029157502331385532],\n",
       " [0.10377970017454918,\n",
       "  0.09320253040818388,\n",
       "  -0.15844454378837144,\n",
       "  0.10812565863774123,\n",
       "  0.21962525790230164,\n",
       "  0.08852721655869614,\n",
       "  -0.1717805198180049,\n",
       "  0.08116068272642936,\n",
       "  -0.0032759366914375285,\n",
       "  -0.2367306844558763,\n",
       "  -0.2780728841408434,\n",
       "  -0.028521447690310883,\n",
       "  -0.12203330581775489,\n",
       "  -0.633952956053485,\n",
       "  -0.7694329965362469,\n",
       "  1.0,\n",
       "  0.2697360210813731,\n",
       "  -0.37585011479771874,\n",
       "  0.41316673172596674,\n",
       "  0.2921029054288296,\n",
       "  -0.10791073116096848,\n",
       "  0.3947981207012112,\n",
       "  0.42516162848425265,\n",
       "  0.36519661789802194,\n",
       "  -0.3325019578379366,\n",
       "  -0.30918692584684304,\n",
       "  0.09754244613374424,\n",
       "  -0.06393828554018112,\n",
       "  0.25625528386960467,\n",
       "  -0.027607877699364514,\n",
       "  -0.05060620622441401,\n",
       "  -0.06293056852369772],\n",
       " [0.22426753100897262,\n",
       "  0.20948074016633292,\n",
       "  -0.2969875196585661,\n",
       "  0.10804642659711501,\n",
       "  0.48748640008836186,\n",
       "  0.18654188610280437,\n",
       "  -0.41165109533519517,\n",
       "  0.12568960388276368,\n",
       "  -0.008662924734227181,\n",
       "  -0.021144765702686242,\n",
       "  -0.048961127358740225,\n",
       "  -0.07473194262323829,\n",
       "  0.07356114971144845,\n",
       "  -0.4381080039983607,\n",
       "  -0.4000167881475763,\n",
       "  0.2697360210813731,\n",
       "  1.0,\n",
       "  -0.3476234537292286,\n",
       "  0.5866994841392927,\n",
       "  0.5083157659673719,\n",
       "  -0.3221010549072048,\n",
       "  0.5493143830003392,\n",
       "  0.5610364834842074,\n",
       "  0.4870057198493271,\n",
       "  -0.43468058238929264,\n",
       "  -0.4522021892583552,\n",
       "  0.11675031297207829,\n",
       "  -0.11114946150478505,\n",
       "  0.39502606070740415,\n",
       "  -0.061191826730457526,\n",
       "  0.03928724108684579,\n",
       "  -0.12184341877339235],\n",
       " [-0.2637036192057346,\n",
       "  -0.2541668627121075,\n",
       "  0.3797525197439351,\n",
       "  0.05047170271085515,\n",
       "  -0.4497183569342181,\n",
       "  -0.2542491716983637,\n",
       "  0.1835858214926154,\n",
       "  -0.151371974183264,\n",
       "  0.0483406666518912,\n",
       "  0.30325086872632445,\n",
       "  0.33395050098742823,\n",
       "  -0.11962506925185146,\n",
       "  0.11039222993766916,\n",
       "  0.22209971997008246,\n",
       "  0.41298348062420664,\n",
       "  -0.37585011479771874,\n",
       "  -0.3476234537292286,\n",
       "  1.0,\n",
       "  -0.747416098061429,\n",
       "  -0.31452932135113776,\n",
       "  0.0373306345819017,\n",
       "  -0.21890669218177822,\n",
       "  -0.298786164111228,\n",
       "  -0.20567676903122453,\n",
       "  0.40799048795625986,\n",
       "  0.2900244227380647,\n",
       "  0.20410884647121622,\n",
       "  -0.05617860435677405,\n",
       "  -0.5093830305651587,\n",
       "  -0.2954646595030384,\n",
       "  0.06418595208330644,\n",
       "  0.039363615290833355],\n",
       " [0.24599249842270912,\n",
       "  0.23585118892082205,\n",
       "  -0.440073323831804,\n",
       "  0.042241243926699056,\n",
       "  0.7082306634792691,\n",
       "  0.22313474058112767,\n",
       "  -0.5163175332247583,\n",
       "  0.16340442131332766,\n",
       "  -0.026123534985269214,\n",
       "  -0.1455823207937115,\n",
       "  -0.1833070603696443,\n",
       "  0.033025866154003165,\n",
       "  0.08292853291896418,\n",
       "  -0.42607546463111906,\n",
       "  -0.3933499416794201,\n",
       "  0.41316673172596674,\n",
       "  0.5866994841392927,\n",
       "  -0.747416098061429,\n",
       "  1.0,\n",
       "  0.5822933364689961,\n",
       "  -0.3467828752318703,\n",
       "  0.5973885808626491,\n",
       "  0.6449499586716712,\n",
       "  0.5384546722471177,\n",
       "  -0.6547857158202605,\n",
       "  -0.6207029463906091,\n",
       "  0.05105503138943717,\n",
       "  -0.13578161829248714,\n",
       "  0.5254820091062832,\n",
       "  0.03673066030358278,\n",
       "  0.12663513109265817,\n",
       "  -0.10240083856678357],\n",
       " [0.17703759183036355,\n",
       "  0.11651292293970138,\n",
       "  -0.3720850452876125,\n",
       "  0.04158748559620503,\n",
       "  0.692094536542843,\n",
       "  0.11520505348047329,\n",
       "  -0.745129245532943,\n",
       "  0.17190861264560292,\n",
       "  -0.02975408924420875,\n",
       "  -0.0951692512734409,\n",
       "  -0.1513906102499154,\n",
       "  -0.013802792281794414,\n",
       "  0.40779488432660005,\n",
       "  -0.3504127581341749,\n",
       "  -0.27893233479334073,\n",
       "  0.2921029054288296,\n",
       "  0.5083157659673719,\n",
       "  -0.31452932135113776,\n",
       "  0.5822933364689961,\n",
       "  1.0,\n",
       "  -0.6695798124929795,\n",
       "  0.7205783566174485,\n",
       "  0.7721774839309222,\n",
       "  0.7014735827086948,\n",
       "  -0.7338933589049272,\n",
       "  -0.7142309695971154,\n",
       "  0.320367240384008,\n",
       "  -0.36591355074163245,\n",
       "  0.2445575145635004,\n",
       "  0.05707377269882615,\n",
       "  0.33839736525418024,\n",
       "  0.06432819683385066],\n",
       " [-0.0001307971467576558,\n",
       "  0.06147761090497279,\n",
       "  0.31975621362635454,\n",
       "  0.02052437518544543,\n",
       "  -0.44029253795337164,\n",
       "  0.04866908325248351,\n",
       "  0.648610726597565,\n",
       "  -0.045223643938649784,\n",
       "  0.05170147509290325,\n",
       "  -0.17790235223342785,\n",
       "  -0.15042801798212638,\n",
       "  0.12473072042695853,\n",
       "  -0.5357563165223448,\n",
       "  0.16571770879166567,\n",
       "  0.13282789611474607,\n",
       "  -0.10791073116096848,\n",
       "  -0.3221010549072048,\n",
       "  0.0373306345819017,\n",
       "  -0.3467828752318703,\n",
       "  -0.6695798124929795,\n",
       "  1.0,\n",
       "  -0.6376563358888557,\n",
       "  -0.5824182838598809,\n",
       "  -0.4834311155235898,\n",
       "  0.5216105839717636,\n",
       "  0.6552064175226803,\n",
       "  -0.5150676294799279,\n",
       "  0.4809414740039641,\n",
       "  0.01758015024931671,\n",
       "  0.10916879823056545,\n",
       "  -0.4450949597962781,\n",
       "  -0.08634985330215351],\n",
       " [0.06100011915134061,\n",
       "  0.002736899677504001,\n",
       "  -0.33719911996563584,\n",
       "  0.1619904306537467,\n",
       "  0.7299391823478452,\n",
       "  -0.006392863465924368,\n",
       "  -0.8143079071462075,\n",
